proje_klasoru/outputs/sessions/20260519_214520_L41_0559_L29_6563/anomali.grd
DSAA
72 72
29.65393026 29.65869540
41.05412504 41.05771828
-34.3562 51.0517
[rows 0 to 28 of 72, columns 0 to 65 of 72]
26.6535 26.4254 25.9914 25.2750 24.0926 22.3448 20.1992 18.0528 16.3256 15.2796 14.9652 15.2613 15.9515 16.8093 17.6700 18.4525 19.1255 19.6598 20.0142 20.1574 20.0886 19.8263 19.3757 18.7046 17.7524 16.4566 14.7805 12.7368 10.4149 7.9980 5.7325 3.8305 2.3530 1.1628 -0.0080 -1.4208 -3.2079 -5.3240 -7.5710 -9.6684 -11.3464 -12.4445 -12.9631 -13.0235 -12.7717 -12.3124 -11.7099 -11.0158 -10.2846 -9.5834 -8.9926 -8.5800 -8.3524 -8.2392 -8.1272 -7.9085 -7.5105 -6.9227 -6.2330 -5.6449 -5.4334 -5.8399 -6.9584 -8.6904 -10.7959 -12.9964
26.1140 25.7937 25.2282 24.4107 23.1997 21.4875 19.3930 17.2585 15.4754 14.3152 13.8652 14.0480 14.6814 15.5548 16.4974 17.4026 18.2104 18.8795 19.3793 19.6964 19.8310 19.7781 19.5049 18.9509 18.0526 16.7727 15.1153 13.1350 10.9496 8.7453 6.7442 5.1191 3.8958 2.9155 1.8992 0.5774 -1.1921 -3.3737 -5.7758 -8.1161 -10.1132 -11.5863 -12.5082 -12.9695 -13.0854 -12.9357 -12.5707 -12.0428 -11.4231 -10.8024 -10.2802 -9.9250 -9.7261 -9.5906 -9.3967 -9.0499 -8.5079 -7.7923 -7.0146 -6.3867 -6.1766 -6.6044 -7.7376 -9.4568 -11.5122 -13.6273
25.1254 24.6374 23.8251 22.8057 21.5240 19.8739 17.8997 15.8446 14.0347 12.7385 12.0907 12.0806 12.5844 13.4272 14.4405 15.4899 16.4786 17.3495 18.0867 18.6977 19.1771 19.4740 19.4904 19.1181 18.2921 17.0223 15.3898 13.5257 11.5968 9.7917 8.2857 7.1783 6.4291 5.8420 5.1235 3.9974 2.3114 0.0843 -2.5088 -5.1923 -7.6730 -9.7376 -11.3112 -12.4306 -13.1640 -13.5579 -13.6461 -13.4793 -13.1400 -12.7385 -12.3898 -12.1617 -12.0248 -11.8645 -11.5553 -11.0268 -10.2798 -9.3807 -8.4718 -7.7766 -7.5528 -7.9903 -9.1187 -10.7883 -12.7375 -14.6957
23.8217 23.1369 22.0288 20.7600 19.3930 17.8481 16.0950 14.2512 12.5389 11.1884 10.3593 10.1010 10.3603 11.0238 11.9588 13.0331 14.1327 15.1900 16.1922 17.1474 18.0222 18.7037 19.0192 18.8099 18.0154 16.7103 15.0783 13.3528 11.7643 10.5008 9.6708 9.2713 9.1713 9.1262 8.8339 8.0248 6.5458 4.3980 1.7282 -1.2100 -4.1243 -6.7723 -9.0250 -10.8585 -12.2941 -13.3551 -14.0660 -14.4689 -14.6316 -14.6490 -14.6249 -14.6200 -14.6012 -14.4576 -14.0793 -13.4257 -12.5331 -11.4986 -10.4828 -9.7144 -9.4421 -9.8334 -10.8900 -12.4433 -14.2280 -15.9844
22.3741 21.5367 20.2014 18.7576 17.3833 16.0389 14.6318 13.1499 11.6866 10.3951 9.4202 8.8459 8.6900 8.9315 9.5246 10.3944 11.4486 12.6147 13.8572 15.1424 16.3773 17.3782 17.9078 17.7719 16.9234 15.5084 13.8241 12.2226 11.0110 10.3760 10.3440 10.7859 11.4600 12.0671 12.3063 11.9330 10.8074 8.9183 6.3804 3.4113 0.2820 -2.7566 -5.5352 -7.9777 -10.0686 -11.8193 -13.2521 -14.3906 -15.2598 -15.8999 -16.3707 -16.7157 -16.9145 -16.8890 -16.5667 -15.9369 -15.0526 -14.0132 -12.9726 -12.1507 -11.7892 -12.0514 -12.9397 -14.2943 -15.8639 -17.4035
21.0424 20.1618 18.7813 17.3630 16.1576 15.1505 14.1964 13.1696 12.0379 10.8602 9.7344 8.7507 7.9902 7.5451 7.5026 7.8996 8.7053 9.8493 11.2457 12.7784 14.2669 15.4583 16.0736 15.9057 14.9282 13.3506 11.5761 10.0764 9.2409 9.2569 10.0629 11.3942 12.8894 14.1935 15.0161 15.1529 14.4931 13.0252 10.8369 8.1025 5.0478 1.8992 -1.1645 -4.0335 -6.6623 -9.0502 -11.2119 -13.1457 -14.8224 -16.2122 -17.3137 -18.1428 -18.6942 -18.9338 -18.8350 -18.4132 -17.7208 -16.8350 -15.8790 -15.0475 -14.5735 -14.6337 -15.2642 -16.3472 -17.6658 -18.9922
20.1913 19.4011 18.1991 17.0490 16.2044 15.6365 15.1514 14.5436 13.6917 12.5761 11.2421 9.7674 8.2791 6.9761 6.0889 5.7899 6.1357 7.0708 8.4538 10.0729 11.6547 12.8879 13.4750 13.2145 12.1005 10.3859 8.5516 7.1656 6.6872 7.3034 8.8742 11.0136 13.2535 15.1919 16.5556 17.1896 17.0254 16.0662 14.3827 12.1019 9.3827 6.3922 3.2850 0.1842 -2.8344 -5.7431 -8.5347 -11.1792 -13.6062 -15.7325 -17.5035 -18.9024 -19.9259 -20.5705 -20.8455 -20.7850 -20.4326 -19.8337 -19.0679 -18.2908 -17.7200 -17.5531 -17.8812 -18.6521 -19.6984 -20.8155
20.2099 19.6179 18.7678 18.0543 17.6614 17.5046 17.3506 16.9648 16.1990 15.0019 13.3846 11.4060 9.2119 7.0668 5.3036 4.2083 3.9274 4.4411 5.5808 7.0650 8.5500 9.6859 10.1724 9.8220 8.6420 6.9016 5.1149 3.8975 3.7427 4.8297 6.9643 9.6818 12.4473 14.8331 16.5879 17.6064 17.8689 17.4046 16.2749 14.5566 12.3289 9.6794 6.7159 3.5607 0.3212 -2.9320 -6.1540 -9.2902 -12.2547 -14.9473 -17.2865 -19.2273 -20.7525 -21.8638 -22.5851 -22.9582 -23.0186 -22.7833 -22.2879 -21.6419 -21.0368 -20.6854 -20.7335 -21.1988 -21.9704 -22.8759
21.3678 21.0231 20.5868 20.3268 20.3053 20.3626 20.2509 19.7690 18.8143 17.3607 15.4151 13.0176 10.2984 7.5221 5.0466 3.2128 2.2388 2.1632 2.8380 3.9650 5.1713 6.0931 6.4382 6.0342 4.8918 3.2687 1.6620 0.6714 0.7740 2.1294 4.5233 7.4750 10.4410 12.9990 14.9214 16.1435 16.6902 16.6194 15.9845 14.8110 13.0990 10.8586 8.1500 5.0875 1.8063 -1.5761 -4.9719 -8.3074 -11.5053 -14.4809 -17.1558 -19.4710 -21.3911 -22.9049 -24.0305 -24.8071 -25.2635 -25.3980 -25.2109 -24.7661 -24.2205 -23.7853 -23.6414 -23.8613 -24.3872 -25.0883
23.6922 23.5782 23.4957 23.5529 23.6740 23.6373 23.2227 22.3191 20.9262 19.0873 16.8303 14.1758 11.2050 8.1158 5.2100 2.8170 1.1992 0.4699 0.5462 1.1659 1.9684 2.5980 2.7769 2.3471 1.3162 -0.0905 -1.4364 -2.1959 -1.9552 -0.5829 1.7236 4.5313 7.3477 9.7853 11.6394 12.8708 13.5371 13.7177 13.4533 12.7182 11.4447 9.5866 7.1716 4.3074 1.1463 -2.1584 -5.4833 -8.7424 -11.8755 -14.8289 -17.5461 -19.9739 -22.0689 -23.8057 -25.1875 -26.2430 -26.9941 -27.4295 -27.5271 -27.3154 -26.9153 -26.5183 -26.3110 -26.3932 -26.7477 -27.2864
26.9149 26.9636 27.0907 27.2444 27.2332 26.8142 25.8377 24.3141 22.3646 20.1158 17.6269 14.8972 11.9353 8.8284 5.7684 3.0288 0.8948 -0.4406 -0.9684 -0.8831 -0.5089 -0.1850 -0.1765 -0.6293 -1.5395 -2.7232 -3.8292 -4.4409 -4.2341 -3.1047 -1.2026 1.1336 3.5034 5.5740 7.1615 8.2391 8.8826 9.1805 9.1520 8.7222 7.7714 6.2215 4.0891 1.4807 -1.4444 -4.5164 -7.5927 -10.5811 -13.4349 -16.1264 -18.6275 -20.9058 -22.9267 -24.6593 -26.0928 -27.2421 -28.1224 -28.7206 -29.0092 -29.0002 -28.7858 -28.5265 -28.3875 -28.4665 -28.7653 -29.2261
30.4988 30.6208 30.7925 30.8358 30.4932 29.5477 27.9438 25.8077 23.3605 20.7939 18.1906 15.5266 12.7337 9.7816 6.7445 3.8303 1.3375 -0.4658 -1.4775 -1.8199 -1.7821 -1.6967 -1.8275 -2.3133 -3.1505 -4.1915 -5.1734 -5.7942 -5.8187 -5.1591 -3.8997 -2.2648 -0.5482 0.9801 2.1580 2.9650 3.4819 3.7915 3.8842 3.6409 2.9066 1.5901 -0.2886 -2.6184 -5.2391 -7.9811 -10.7025 -13.3134 -15.7739 -18.0711 -20.2003 -22.1539 -23.9125 -25.4456 -26.7317 -27.7745 -28.5881 -29.1707 -29.5098 -29.6218 -29.5823 -29.5164 -29.5497 -29.7531 -30.1221 -30.6072
33.7536 33.8673 33.9548 33.7674 33.0381 31.6084 29.5125 26.9566 24.2134 21.5006 18.9042 16.3751 13.7855 11.0194 8.0685 5.0969 2.4158 0.3513 -0.9243 -1.4832 -1.6009 -1.6226 -1.8267 -2.3488 -3.1782 -4.1923 -5.2029 -6.0072 -6.4398 -6.4132 -5.9411 -5.1393 -4.1993 -3.3248 -2.6492 -2.1864 -1.8634 -1.6200 -1.4994 -1.6522 -2.2493 -3.3812 -5.0202 -7.0503 -9.3146 -11.6568 -13.9545 -16.1344 -18.1646 -20.0388 -21.7632 -23.3424 -24.7609 -25.9818 -26.9735 -27.7372 -28.3021 -28.6987 -28.9515 -29.0970 -29.2006 -29.3490 -29.6175 -30.0334 -30.5655 -31.1537
36.0403 36.0891 36.0224 35.5817 34.5352 32.7932 30.4539 27.7554 24.9697 22.2970 19.8026 17.4146 14.9778 12.3459 9.4858 6.5524 3.8688 1.7892 0.5153 -0.0126 -0.0831 -0.0702 -0.2708 -0.8153 -1.6781 -2.7498 -3.9015 -5.0080 -5.9504 -6.6296 -6.9956 -7.0743 -6.9659 -6.8013 -6.6700 -6.5764 -6.4715 -6.3386 -6.2587 -6.3950 -6.9081 -7.8715 -9.2501 -10.9316 -12.7739 -14.6479 -16.4677 -18.1929 -19.8104 -21.3176 -22.7146 -23.9899 -25.1043 -25.9980 -26.6284 -27.0080 -27.2027 -27.2997 -27.3780 -27.5020 -27.7260 -28.0931 -28.6209 -29.2836 -30.0144 -30.7409
37.0105 36.9633 36.7195 36.0600 34.8150 32.9566 30.6149 28.0166 25.3914 22.8905 20.5446 18.2706 15.9236 13.3799 10.6299 7.8431 5.3437 3.4770 2.4295 2.1191 2.2291 2.3616 2.2137 1.6720 0.7813 -0.3588 -1.6681 -3.0820 -4.5141 -5.8535 -7.0030 -7.9181 -8.6145 -9.1376 -9.5161 -9.7438 -9.8152 -9.7816 -9.7677 -9.9303 -10.3875 -11.1743 -12.2462 -13.5114 -14.8644 -16.2201 -17.5398 -18.8272 -20.0992 -21.3588 -22.5823 -23.7099 -24.6463 -25.2903 -25.5883 -25.5759 -25.3738 -25.1405 -25.0189 -25.1041 -25.4384 -26.0180 -26.7984 -27.6993 -28.6234 -29.4994
36.7589 36.6017 36.1800 35.3445 33.9972 32.1572 29.9579 27.5848 25.2025 22.9032 20.6909 18.4954 16.2145 13.7756 11.2082 8.6911 6.5253 5.0112 4.2876 4.2370 4.5254 4.7590 4.6577 4.1375 3.2601 2.1115 0.7294 -0.8719 -2.6384 -4.4627 -6.2215 -7.8141 -9.1713 -10.2425 -10.9872 -11.3954 -11.5255 -11.5152 -11.5365 -11.7237 -12.1276 -12.7241 -13.4574 -14.2728 -15.1234 -15.9793 -16.8477 -17.7745 -18.8116 -19.9728 -21.2025 -22.3713 -23.3047 -23.8466 -23.9300 -23.6187 -23.0909 -22.5757 -22.2781 -22.3269 -22.7583 -23.5285 -24.5362 -25.6530 -26.7633 -27.8129
35.7802 35.5095 34.9162 33.9316 32.5266 30.7499 28.7163 26.5560 24.3664 22.1953 20.0470 17.8951 15.6986 13.4354 11.1536 9.0112 7.2529 6.1079 5.6571 5.7594 6.0976 6.3236 6.2096 5.7082 4.8893 3.8215 2.5069 0.9164 -0.9385 -2.9774 -5.0716 -7.0717 -8.8228 -10.1820 -11.0537 -11.4417 -11.4793 -11.3897 -11.3816 -11.5559 -11.8893 -12.2974 -12.7168 -13.1364 -13.5724 -14.0446 -14.5919 -15.2893 -16.2224 -17.4219 -18.8069 -20.1781 -21.2773 -21.8878 -21.9251 -21.4740 -20.7576 -20.0593 -19.6353 -19.6505 -20.1513 -21.0739 -22.2784 -23.6005 -24.9145 -26.1838
34.7258 34.3468 33.5931 32.4733 31.0148 29.2780 27.3458 25.2916 23.1626 20.9915 18.8157 16.6744 14.5908 12.5731 10.6540 8.9342 7.5749 6.7232 6.4107 6.4993 6.7253 6.8185 6.6190 6.1140 5.3757 4.4577 3.3383 1.9506 0.2529 -1.7205 -3.8484 -5.9376 -7.7591 -9.1048 -9.8597 -10.0636 -9.9176 -9.6993 -9.6245 -9.7534 -10.0053 -10.2586 -10.4533 -10.6151 -10.8036 -11.0677 -11.4601 -12.0727 -13.0188 -14.3502 -15.9729 -17.6345 -19.0074 -19.8216 -19.9718 -19.5495 -18.7985 -18.0299 -17.5336 -17.5114 -18.0408 -19.0690 -20.4423 -21.9722 -23.5178 -25.0423
34.0800 33.6051 32.7096 31.4676 29.9464 28.2035 26.2838 24.2141 22.0156 19.7356 17.4649 15.3123 13.3531 11.6058 10.0640 8.7502 7.7326 7.0820 6.7978 6.7678 6.7986 6.7029 6.3826 5.8524 5.1881 4.4398 3.5765 2.5004 1.1152 -0.5958 -2.5232 -4.4410 -6.0746 -7.1966 -7.7139 -7.7132 -7.4332 -7.1532 -7.0570 -7.1625 -7.3611 -7.5288 -7.6213 -7.6834 -7.7893 -7.9954 -8.3618 -8.9947 -10.0295 -11.5343 -13.4082 -15.3652 -17.0341 -18.1121 -18.4771 -18.2129 -17.5572 -16.8193 -16.3012 -16.2395 -16.7597 -17.8475 -19.3586 -21.0854 -22.8587 -24.6163
33.9475 33.3924 32.3778 31.0298 29.4428 27.6638 25.7020 23.5509 21.2265 18.8067 16.4361 14.2785 12.4444 10.9519 9.7526 8.7948 8.0649 7.5737 7.3050 7.1779 7.0593 6.8227 6.4103 5.8547 5.2414 4.6309 3.9964 3.2216 2.1682 0.7789 -0.8501 -2.4824 -3.8388 -4.7163 -5.0674 -5.0127 -4.7829 -4.6076 -4.6103 -4.7731 -4.9896 -5.1601 -5.2601 -5.3359 -5.4528 -5.6667 -6.0523 -6.7387 -7.8798 -9.5499 -11.6381 -13.8382 -15.7617 -17.0968 -17.7148 -17.6830 -17.2122 -16.5860 -16.1006 -16.0169 -16.5106 -17.6178 -19.2163 -21.0838 -23.0145 -24.9074
34.0883 33.4642 32.3470 30.9071 29.2622 27.4501 25.4512 23.2380 20.8309 18.3356 15.9331 13.8182 12.1208 10.8588 9.9560 9.3085 8.8456 8.5387 8.3637 8.2598 8.1270 7.8665 7.4360 6.8768 6.2854 5.7392 5.2256 4.6294 3.7973 2.6517 1.2718 -0.1254 -1.2950 -2.0824 -2.4803 -2.6095 -2.6491 -2.7491 -2.9690 -3.2729 -3.5786 -3.8225 -3.9960 -4.1334 -4.2800 -4.4915 -4.8681 -5.5719 -6.7761 -8.5544 -10.7843 -13.1510 -15.2674 -16.8298 -17.7080 -17.9471 -17.7203 -17.2751 -16.8889 -16.8302 -17.3070 -18.3964 -20.0019 -21.8980 -23.8531 -25.7326
34.1459 33.4561 32.2421 30.7195 29.0343 27.2216 25.2426 23.0557 20.6839 18.2444 15.9269 13.9321 12.3978 11.3482 10.7008 10.3296 10.1348 10.0653 10.0870 10.1396 10.1274 9.9539 9.5762 9.0351 8.4298 7.8468 7.2925 6.6767 5.8685 4.7954 3.5157 2.2002 1.0351 0.1250 -0.5380 -1.0400 -1.4831 -1.9351 -2.4090 -2.8744 -3.2879 -3.6244 -3.8859 -4.0868 -4.2468 -4.4187 -4.7289 -5.3748 -6.5509 -8.3343 -10.6016 -13.0458 -15.2969 -17.0638 -18.2100 -18.7508 -18.8185 -18.6233 -18.4159 -18.4507 -18.9370 -19.9705 -21.4812 -23.2623 -25.0839 -26.7996
33.8687 33.1153 31.8106 30.2211 28.5269 26.7676 24.8910 22.8441 20.6447 18.4003 16.2823 14.4760 13.1199 12.2531 11.8089 11.6676 11.7246 11.9151 12.1863 12.4589 12.6236 12.5775 12.2752 11.7505 11.0881 10.3647 9.6015 8.7559 7.7563 6.5621 5.2131 3.8211 2.5062 1.3335 0.3012 -0.6231 -1.4630 -2.2204 -2.8868 -3.4565 -3.9331 -4.3291 -4.6542 -4.9004 -5.0567 -5.1629 -5.3595 -5.8701 -6.9105 -8.5719 -10.7500 -13.1681 -15.4870 -17.4288 -18.8431 -19.7099 -20.1193 -20.2432 -20.2963 -20.4954 -21.0203 -21.9634 -23.2831 -24.8167 -26.3693 -27.8083
33.1639 32.3620 30.9955 29.3796 27.7286 26.0879 24.3931 22.5784 20.6485 18.6860 16.8267 15.2276 14.0231 13.2740 12.9474 12.9523 13.1943 13.5960 14.0764 14.5265 14.8196 14.8539 14.5906 14.0547 13.2992 12.3678 11.2856 10.0683 8.7260 7.2714 5.7363 4.1783 2.6581 1.2111 -0.1511 -1.4114 -2.5308 -3.4686 -4.2146 -4.7974 -5.2667 -5.6679 -6.0162 -6.2828 -6.4242 -6.4580 -6.5212 -6.8487 -7.6721 -9.1046 -11.0770 -13.3588 -15.6522 -17.6979 -19.3356 -20.5145 -21.2848 -21.7745 -22.1476 -22.5619 -23.1465 -23.9774 -25.0444 -26.2470 -27.4493 -28.5512
32.0110 31.1970 29.8306 28.2605 26.7226 25.2619 23.8010 22.2594 20.6240 18.9485 17.3303 15.8953 14.7713 14.0422 13.7179 13.7477 14.0532 14.5430 15.1047 15.6013 15.8985 15.9096 15.6152 15.0346 14.1793 13.0439 11.6435 10.0428 8.3326 6.5845 4.8360 3.1086 1.4201 -0.2164 -1.7811 -3.2241 -4.4679 -5.4517 -6.1755 -6.7008 -7.1127 -7.4775 -7.8113 -8.0693 -8.1842 -8.1506 -8.0914 -8.2365 -8.8226 -9.9815 -11.6796 -13.7338 -15.8917 -17.9234 -19.6771 -21.0891 -22.1775 -23.0200 -23.7157 -24.3511 -24.9972 -25.7105 -26.5120 -27.3662 -28.2007 -28.9535
30.3760 29.5989 28.3125 26.8729 25.5161 24.2779 23.0665 21.7877 20.4110 18.9649 17.5168 16.1676 15.0375 14.2291 13.7925 13.7164 13.9376 14.3522 14.8236 15.2013 15.3597 15.2396 14.8481 14.2027 13.2770 12.0151 10.4089 8.5471 6.5750 4.6109 2.7068 0.8693 -0.9066 -2.6204 -4.2495 -5.7297 -6.9691 -7.9051 -8.5535 -8.9986 -9.3419 -9.6528 -9.9425 -10.1610 -10.2350 -10.1483 -10.0059 -10.0187 -10.4120 -11.3219 -12.7376 -14.5138 -16.4417 -18.3325 -20.0632 -21.5779 -22.8724 -23.9739 -24.9140 -25.7125 -26.3912 -26.9914 -27.5584 -28.1065 -28.6105 -29.0385
28.2202 27.5190 26.3748 25.1279 23.9959 22.9981 22.0304 20.9859 19.8171 18.5319 17.1784 15.8430 14.6406 13.6850 13.0545 12.7678 12.7744 12.9631 13.1894 13.3095 13.2224 12.9002 12.3736 11.6617 10.7130 9.4338 7.7875 5.8574 3.8055 1.7732 -0.1746 -2.0318 -3.8087 -5.5066 -7.1006 -8.5243 -9.6893 -10.5442 -11.1186 -11.5044 -11.7981 -12.0563 -12.2838 -12.4394 -12.4663 -12.3529 -12.1868 -12.1462 -12.4260 -13.1489 -14.3125 -15.8002 -17.4456 -19.1060 -20.6968 -22.1780 -23.5294 -24.7348 -25.7734 -26.6213 -27.2736 -27.7643 -28.1501 -28.4662 -28.7065 -28.8541
25.5736 24.9573 23.9687 22.9249 22.0219 21.2655 20.5418 19.7278 18.7515 17.5973 16.3005 14.9429 13.6388 12.5084 11.6468 11.0921 10.8040 10.6738 10.5646 10.3571 9.9832 9.4422 8.7775 8.0086 7.0754 5.8666 4.3206 2.4961 0.5408 -1.4050 -3.2721 -5.0515 -6.7515 -8.3692 -9.8755 -11.2073 -12.2876 -13.0786 -13.6164 -13.9855 -14.2626 -14.4847 -14.6533 -14.7481 -14.7438 -14.6433 -14.5157 -14.4961 -14.7352 -15.3299 -16.2792 -17.4933 -18.8478 -20.2440 -21.6293 -22.9738 -24.2423 -25.3880 -26.3624 -27.1296 -27.6840 -28.0601 -28.3103 -28.4617 -28.5008 -28.4152
22.5770 22.0236 21.1510 20.2641 19.5539 19.0272 18.5647 18.0174 17.2719 16.2774 15.0532 13.6815 12.2821 10.9825 9.8890 9.0538 8.4493 7.9783 7.5230 6.9949 6.3572 5.6263 4.8470 4.0365 3.1371 2.0374 0.6606 -0.9642 -2.7173 -4.4725 -6.1639 -7.7852 -9.3465 -10.8429 -12.2423 -13.4834 -14.4981 -15.2567 -15.7941 -16.1813 -16.4741 -16.6924 -16.8374 -16.9100 -16.9146 -16.8683 -16.8222 -16.8679 -17.1098 -17.6160 -18.3858 -19.3561 -20.4426 -21.5823 -22.7416 -23.8906 -24.9791 -25.9434 -26.7301 -27.3152 -27.7105 -27.9549 -28.0857 -28.1047 -27.9796 -27.7019
