proje_klasoru/outputs/sessions/20260519_214520_L41_0559_L29_6563/anomali.grd
DSAA
72 72
29.65393026 29.65869540
41.05412504 41.05771828
-34.3562 51.0517
[rows 29 to 57 of 72, columns 0 to 65 of 72]
19.4457 18.9189 18.0966 17.2883 16.7043 16.3761 16.1876 15.9556 15.5085 14.7430 13.6522 12.3153 10.8600 9.4237 8.1246 7.0304 6.1322 5.3540 4.6021 3.8133 2.9714 2.1001 1.2395 0.4038 -0.4584 -1.4508 -2.6581 -4.0755 -5.6087 -7.1447 -8.6235 -10.0476 -11.4386 -12.7965 -14.0857 -15.2409 -16.1940 -16.9187 -17.4503 -17.8553 -18.1804 -18.4358 -18.6174 -18.7309 -18.7933 -18.8292 -18.8781 -19.0012 -19.2665 -19.7167 -20.3485 -21.1198 -21.9789 -22.8898 -23.8288 -24.7601 -25.6227 -26.3469 -26.8868 -27.2396 -27.4388 -27.5284 -27.5286 -27.4152 -27.1428 -26.7127
16.3908 15.8626 15.0361 14.2330 13.7001 13.5140 13.5767 13.6755 13.5754 13.1098 12.2319 11.0069 9.5646 8.0517 6.5988 5.2924 4.1499 3.1258 2.1511 1.1773 0.1939 -0.7756 -1.6936 -2.5450 -3.3745 -4.2807 -5.3540 -6.6067 -7.9601 -9.3073 -10.5923 -11.8305 -13.0601 -14.2871 -15.4664 -16.5190 -17.3717 -18.0050 -18.4696 -18.8481 -19.1965 -19.5201 -19.7969 -20.0119 -20.1716 -20.3011 -20.4407 -20.6413 -20.9492 -21.3847 -21.9345 -22.5646 -23.2451 -23.9605 -24.6951 -25.4104 -26.0407 -26.5183 -26.8084 -26.9264 -26.9228 -26.8451 -26.7016 -26.4531 -26.0527 -25.5163
13.5678 13.0313 12.1808 11.3436 10.8024 10.6866 10.9328 11.3179 11.5580 11.4254 10.8237 9.7899 8.4444 6.9359 5.4044 3.9544 2.6344 1.4348 0.3115 -0.7794 -1.8563 -2.9012 -3.8726 -4.7458 -5.5561 -6.3999 -7.3758 -8.5095 -9.7319 -10.9386 -12.0777 -13.1764 -14.2845 -15.4042 -16.4702 -17.3827 -18.0657 -18.5198 -18.8310 -19.1187 -19.4617 -19.8614 -20.2652 -20.6172 -20.8971 -21.1274 -21.3596 -21.6492 -22.0299 -22.4985 -23.0225 -23.5653 -24.1100 -24.6586 -25.2062 -25.7171 -26.1283 -26.3797 -26.4488 -26.3640 -26.1840 -25.9568 -25.6843 -25.3236 -24.8336 -24.2404
11.0714 10.5401 9.6820 8.8133 8.2350 8.1218 8.4544 9.0262 9.5336 9.7054 9.3958 8.6028 7.4248 6.0033 4.4802 2.9736 1.5598 0.2648 -0.9322 -2.0774 -3.2069 -4.3137 -5.3479 -6.2630 -7.0754 -7.8755 -8.7709 -9.8033 -10.9173 -12.0170 -13.0572 -14.0705 -15.1041 -16.1414 -17.0889 -17.8274 -18.2879 -18.5049 -18.6116 -18.7709 -19.0851 -19.5502 -20.0802 -20.5751 -20.9845 -21.3282 -21.6708 -22.0730 -22.5541 -23.0842 -23.6089 -24.0876 -24.5162 -24.9150 -25.2909 -25.6126 -25.8228 -25.8748 -25.7627 -25.5259 -25.2243 -24.8997 -24.5490 -24.1297 -23.6047 -22.9963
8.9407 8.4405 7.6158 6.7511 6.1397 5.9806 6.2974 6.9225 7.5689 7.9514 7.8876 7.3339 6.3581 5.0857 3.6546 2.1886 0.7830 -0.5100 -1.6945 -2.8233 -3.9554 -5.0992 -6.1957 -7.1685 -8.0011 -8.7669 -9.5784 -10.4982 -11.4961 -12.4974 -13.4669 -14.4335 -15.4259 -16.3999 -17.2351 -17.8031 -18.0522 -18.0554 -17.9884 -18.0448 -18.3387 -18.8586 -19.4948 -20.1171 -20.6533 -21.1191 -21.5837 -22.1036 -22.6770 -23.2478 -23.7477 -24.1430 -24.4505 -24.7097 -24.9338 -25.0886 -25.1192 -24.9960 -24.7380 -24.3993 -24.0370 -23.6807 -23.3187 -22.9064 -22.4016 -21.8060
7.1441 6.7053 5.9659 5.1602 4.5468 4.3215 4.5372 5.0778 5.7058 6.1591 6.2427 5.8782 5.0992 4.0099 2.7391 1.4098 0.1226 -1.0608 -2.1398 -3.1763 -4.2490 -5.3819 -6.5100 -7.5274 -8.3783 -9.1076 -9.8237 -10.6101 -11.4722 -12.3669 -13.2722 -14.2062 -15.1727 -16.1020 -16.8584 -17.3153 -17.4414 -17.3394 -17.2081 -17.2471 -17.5650 -18.1419 -18.8608 -19.5823 -20.2235 -20.7921 -21.3496 -21.9390 -22.5382 -23.0762 -23.4881 -23.7621 -23.9429 -24.0840 -24.1913 -24.2126 -24.0874 -23.8053 -23.4181 -23.0027 -22.6155 -22.2729 -21.9518 -21.6003 -21.1601 -20.5976
5.5699 5.2201 4.6161 3.9292 3.3621 3.0803 3.1466 3.4957 3.9623 4.3413 4.4546 4.2047 3.5928 2.6987 1.6378 0.5244 -0.5493 -1.5307 -2.4273 -3.3089 -4.2635 -5.3227 -6.4200 -7.4314 -8.2697 -8.9484 -9.5618 -10.2064 -10.9225 -11.7028 -12.5397 -13.4408 -14.3900 -15.3041 -16.0452 -16.4935 -16.6313 -16.5732 -16.5162 -16.6423 -17.0394 -17.6808 -18.4567 -19.2354 -19.9316 -20.5409 -21.1100 -21.6688 -22.1890 -22.6057 -22.8762 -23.0196 -23.1018 -23.1729 -23.2114 -23.1329 -22.8664 -22.4235 -21.8952 -21.3878 -20.9662 -20.6402 -20.3781 -20.1169 -19.7731 -19.2684
4.0696 3.8258 3.3905 2.8685 2.3955 2.0897 2.0050 2.1173 2.3391 2.5421 2.5909 2.3876 1.9096 1.2106 0.3874 -0.4616 -1.2635 -1.9872 -2.6558 -3.3436 -4.1360 -5.0620 -6.0556 -6.9904 -7.7666 -8.3743 -8.8882 -9.4056 -9.9911 -10.6675 -11.4414 -12.3159 -13.2666 -14.2095 -15.0119 -15.5588 -15.8343 -15.9473 -16.0743 -16.3636 -16.8743 -17.5733 -18.3659 -19.1391 -19.8124 -20.3712 -20.8491 -21.2726 -21.6264 -21.8739 -22.0059 -22.0660 -22.1190 -22.1849 -22.1961 -22.0327 -21.6192 -20.9945 -20.2901 -19.6447 -19.1402 -18.7935 -18.5730 -18.4050 -18.1760 -17.7588
2.5430 2.4051 2.1427 1.7997 1.4481 1.1550 0.9556 0.8528 0.8247 0.8199 0.7581 0.5595 0.1892 -0.3234 -0.9052 -1.4780 -1.9901 -2.4332 -2.8474 -3.3122 -3.9067 -4.6522 -5.4836 -6.2834 -6.9557 -7.4810 -7.9147 -8.3446 -8.8445 -9.4556 -10.1961 -11.0706 -12.0559 -13.0744 -13.9989 -14.7143 -15.1989 -15.5474 -15.9071 -16.3861 -17.0097 -17.7359 -18.4867 -19.1755 -19.7388 -20.1627 -20.4750 -20.7083 -20.8738 -20.9731 -21.0290 -21.0902 -21.1929 -21.3041 -21.3046 -21.0500 -20.4750 -19.6512 -18.7440 -17.9180 -17.2754 -16.8524 -16.6299 -16.5285 -16.4064 -16.0912
0.9862 0.9360 0.8198 0.6346 0.4019 0.1474 -0.1135 -0.3660 -0.5899 -0.7777 -0.9550 -1.1697 -1.4556 -1.8030 -2.1627 -2.4755 -2.7046 -2.8571 -2.9893 -3.1917 -3.5459 -4.0714 -4.7062 -5.3450 -5.9039 -6.3609 -6.7552 -7.1581 -7.6393 -8.2460 -9.0023 -9.9164 -10.9698 -12.0916 -13.1584 -14.0541 -14.7512 -15.3305 -15.9111 -16.5613 -17.2702 -17.9808 -18.6296 -19.1637 -19.5522 -19.7959 -19.9248 -19.9799 -19.9991 -20.0190 -20.0805 -20.2172 -20.4175 -20.5901 -20.5758 -20.2258 -19.4996 -18.4992 -17.4091 -16.4034 -15.5984 -15.0540 -14.7728 -14.6786 -14.6113 -14.3671
-0.5515 -0.5436 -0.5595 -0.6295 -0.7638 -0.9642 -1.2316 -1.5531 -1.8940 -2.2139 -2.4935 -2.7419 -2.9771 -3.1984 -3.3741 -3.4578 -3.4193 -3.2741 -3.0936 -2.9873 -3.0528 -3.3211 -3.7417 -4.2233 -4.6919 -5.1219 -5.5349 -5.9815 -6.5175 -7.1849 -8.0071 -8.9934 -10.1285 -11.3466 -12.5301 -13.5666 -14.4273 -15.1818 -15.9263 -16.6959 -17.4467 -18.1034 -18.6128 -18.9586 -19.1518 -19.2176 -19.1910 -19.1183 -19.0569 -19.0668 -19.1927 -19.4388 -19.7437 -19.9699 -19.9397 -19.5191 -18.6975 -17.5972 -16.4023 -15.2773 -14.3388 -13.6628 -13.2729 -13.1044 -12.9957 -12.7360
-2.0501 -2.0152 -1.9782 -1.9758 -2.0313 -2.1613 -2.3803 -2.6889 -3.0621 -3.4540 -3.8168 -4.1210 -4.3564 -4.5122 -4.5590 -4.4536 -4.1696 -3.7307 -3.2245 -2.7823 -2.5255 -2.5093 -2.7068 -3.0460 -3.4598 -3.9129 -4.4046 -4.9600 -5.6136 -6.3934 -7.3149 -8.3840 -9.5856 -10.8601 -12.1016 -13.2097 -14.1576 -15.0040 -15.8260 -16.6375 -17.3736 -17.9463 -18.3093 -18.4779 -18.5007 -18.4251 -18.2892 -18.1406 -18.0502 -18.0921 -18.3046 -18.6602 -19.0553 -19.3258 -19.2957 -18.8554 -18.0208 -16.9220 -15.7287 -14.5825 -13.5851 -12.8111 -12.2931 -11.9795 -11.7259 -11.3420
-3.5535 -3.5151 -3.4595 -3.4126 -3.3959 -3.4319 -3.5475 -3.7651 -4.0872 -4.4844 -4.9019 -5.2806 -5.5734 -5.7379 -5.7239 -5.4807 -4.9873 -4.2826 -3.4733 -2.7102 -2.1361 -1.8340 -1.8102 -2.0203 -2.4064 -2.9208 -3.5356 -4.2448 -5.0549 -5.9725 -7.0003 -8.1375 -9.3679 -10.6402 -11.8675 -12.9681 -13.9190 -14.7652 -15.5666 -16.3276 -16.9807 -17.4391 -17.6657 -17.6962 -17.6015 -17.4388 -17.2436 -17.0632 -16.9779 -17.0705 -17.3696 -17.8187 -18.2845 -18.5923 -18.5804 -18.1651 -17.3811 -16.3582 -15.2488 -14.1696 -13.1973 -12.3875 -11.7641 -11.2852 -10.8339 -10.2579
-5.1355 -5.1015 -5.0378 -4.9511 -4.8530 -4.7674 -4.7341 -4.8016 -5.0067 -5.3496 -5.7854 -6.2399 -6.6287 -6.8625 -6.8509 -6.5254 -5.8725 -4.9539 -3.8992 -2.8740 -2.0331 -1.4804 -1.2563 -1.3512 -1.7244 -2.3190 -3.0780 -3.9580 -4.9309 -5.9782 -7.0889 -8.2562 -9.4639 -10.6709 -11.8133 -12.8314 -13.7066 -14.4696 -15.1631 -15.7892 -16.2932 -16.6059 -16.7065 -16.6430 -16.4917 -16.3048 -16.1084 -15.9458 -15.9012 -16.0588 -16.4350 -16.9504 -17.4551 -17.7775 -17.7774 -17.3955 -16.6784 -15.7505 -14.7488 -13.7709 -12.8713 -12.0803 -11.4045 -10.8053 -10.1904 -9.4413
-6.8413 -6.7987 -6.7059 -6.5549 -6.3504 -6.1200 -5.9188 -5.8203 -5.8904 -6.1545 -6.5812 -7.0913 -7.5718 -7.8874 -7.9045 -7.5340 -6.7708 -5.7017 -4.4797 -3.2794 -2.2552 -1.5187 -1.1373 -1.1393 -1.5095 -2.1882 -3.0886 -4.1254 -5.2328 -6.3682 -7.5106 -8.6511 -9.7768 -10.8586 -11.8543 -12.7265 -13.4630 -14.0830 -14.6136 -15.0553 -15.3716 -15.5219 -15.5093 -15.3919 -15.2419 -15.0980 -14.9704 -14.8901 -14.9321 -15.1691 -15.6016 -16.1360 -16.6221 -16.9074 -16.8820 -16.5105 -15.8430 -14.9893 -14.0676 -13.1635 -12.3231 -11.5666 -10.8911 -10.2575 -9.5824 -8.7560
-8.6536 -8.5696 -8.3959 -8.1297 -7.7840 -7.3996 -7.0494 -6.8250 -6.8037 -7.0146 -7.4270 -7.9570 -8.4761 -8.8225 -8.8372 -8.4218 -7.5812 -6.4238 -5.1184 -3.8391 -2.7267 -1.8865 -1.4031 -1.3410 -1.7146 -2.4649 -3.4769 -4.6249 -5.8090 -6.9679 -8.0756 -9.1257 -10.1116 -11.0166 -11.8179 -12.4976 -13.0532 -13.4989 -13.8506 -14.1052 -14.2413 -14.2464 -14.1500 -14.0216 -13.9281 -13.8933 -13.9068 -13.9754 -14.1459 -14.4637 -14.9107 -15.3933 -15.7825 -15.9639 -15.8685 -15.4841 -14.8530 -14.0527 -13.1700 -12.2810 -11.4440 -10.6968 -10.0476 -9.4582 -8.8345 -8.0453
-10.5034 -10.3360 -10.0179 -9.5796 -9.0652 -8.5401 -8.0933 -7.8194 -7.7828 -7.9906 -8.3925 -8.8950 -9.3678 -9.6510 -9.5916 -9.1025 -8.2035 -7.0148 -5.7068 -4.4384 -3.3247 -2.4536 -1.9181 -1.8129 -2.1800 -2.9631 -4.0244 -5.2077 -6.3908 -7.5020 -8.5138 -9.4232 -10.2302 -10.9289 -11.5116 -11.9767 -12.3336 -12.5999 -12.7873 -12.8892 -12.8914 -12.8018 -12.6719 -12.5823 -12.5971 -12.7263 -12.9358 -13.1961 -13.5095 -13.8822 -14.2820 -14.6330 -14.8509 -14.8767 -14.6884 -14.2925 -13.7094 -12.9662 -12.1033 -11.1859 -10.2993 -9.5235 -8.8970 -8.3864 -7.8762 -7.1963
-12.3025 -12.0221 -11.5185 -10.8800 -10.2003 -9.5728 -9.0909 -8.8332 -8.8319 -9.0556 -9.4252 -9.8378 -10.1740 -10.3011 -10.1003 -9.5140 -8.5783 -7.4131 -6.1726 -4.9862 -3.9344 -3.0815 -2.5218 -2.3712 -2.6941 -3.4399 -4.4602 -5.5849 -6.6844 -7.6861 -8.5631 -9.3130 -9.9383 -10.4385 -10.8148 -11.0767 -11.2461 -11.3508 -11.4067 -11.4061 -11.3360 -11.2143 -11.1070 -11.1030 -11.2635 -11.5844 -12.0059 -12.4571 -12.8888 -13.2674 -13.5554 -13.7130 -13.7166 -13.5696 -13.2938 -12.9051 -12.3925 -11.7246 -10.8905 -9.9425 -8.9950 -8.1753 -7.5575 -7.1159 -6.7161 -6.1547
-13.9574 -13.5677 -12.8925 -12.0850 -11.2881 -10.6117 -10.1361 -9.9081 -9.9217 -10.1124 -10.3813 -10.6262 -10.7516 -10.6662 -10.2977 -9.6225 -8.6861 -7.5939 -6.4690 -5.4022 -4.4378 -3.6168 -3.0293 -2.8035 -3.0208 -3.6435 -4.5289 -5.5103 -6.4626 -7.3176 -8.0500 -8.6557 -9.1339 -9.4814 -9.6985 -9.7998 -9.8189 -9.7990 -9.7672 -9.7184 -9.6371 -9.5424 -9.5052 -9.6168 -9.9311 -10.4284 -11.0254 -11.6165 -12.1108 -12.4446 -12.5845 -12.5321 -12.3236 -12.0167 -11.6649 -11.2861 -10.8403 -10.2496 -9.4620 -8.5165 -7.5457 -6.7082 -6.1011 -5.7039 -5.3751 -4.9004
-15.3570 -14.9030 -14.1349 -13.2513 -12.4213 -11.7493 -11.2864 -11.0441 -10.9899 -11.0472 -11.1190 -11.1204 -10.9883 -10.6766 -10.1562 -9.4280 -8.5323 -7.5449 -6.5482 -5.5935 -4.6953 -3.8777 -3.2262 -2.8743 -2.9191 -3.3451 -4.0311 -4.8245 -5.6066 -6.3123 -6.9172 -7.4148 -7.7975 -8.0511 -8.1666 -8.1583 -8.0728 -7.9745 -7.9079 -7.8726 -7.8465 -7.8394 -7.9155 -8.1561 -8.5999 -9.2109 -9.8938 -10.5325 -11.0220 -11.2875 -11.3001 -11.0852 -10.7129 -10.2711 -9.8320 -9.4177 -8.9798 -8.4231 -7.6779 -6.7731 -5.8413 -5.0445 -4.4784 -4.1190 -3.8276 -3.4049
-16.3983 -15.9509 -15.2050 -14.3655 -13.5920 -12.9613 -12.4903 -12.1662 -11.9519 -11.7827 -11.5829 -11.2949 -10.8913 -10.3668 -9.7265 -8.9815 -8.1524 -7.2731 -6.3797 -5.4885 -4.5955 -3.7182 -2.9415 -2.4047 -2.2219 -2.4082 -2.8727 -3.4787 -4.1081 -4.6916 -5.2021 -5.6301 -5.9583 -6.1573 -6.2053 -6.1178 -5.9609 -5.8275 -5.7849 -5.8368 -5.9473 -6.1031 -6.3430 -6.7213 -7.2503 -7.8803 -8.5261 -9.1008 -9.5284 -9.7461 -9.7179 -9.4513 -9.0006 -8.4494 -7.8793 -7.3320 -6.7835 -6.1604 -5.4046 -4.5430 -3.6939 -2.9955 -2.5176 -2.2191 -1.9669 -1.5922
-17.0677 -16.6903 -16.0637 -15.3588 -14.6960 -14.1151 -13.6069 -13.1524 -12.7293 -12.2992 -11.8125 -11.2374 -10.5773 -9.8624 -9.1244 -8.3771 -7.6135 -6.8199 -5.9849 -5.0937 -4.1328 -3.1238 -2.1595 -1.3887 -0.9460 -0.8777 -1.1233 -1.5590 -2.0628 -2.5558 -3.0032 -3.3867 -3.6750 -3.8224 -3.7994 -3.6322 -3.4163 -3.2809 -3.3191 -3.5368 -3.8748 -4.2793 -4.7413 -5.2675 -5.8347 -6.3878 -6.8796 -7.2950 -7.6303 -7.8556 -7.9090 -7.7302 -7.3019 -6.6669 -5.9092 -5.1081 -4.2966 -3.4590 -2.5795 -1.6981 -0.9153 -0.3316 0.0238 0.2195 0.3893 0.6720
-17.4899 -17.2086 -16.7343 -16.1817 -15.6233 -15.0699 -14.5019 -13.9076 -13.2855 -12.6212 -11.8845 -11.0598 -10.1741 -9.2880 -8.4573 -7.6977 -6.9764 -6.2353 -5.4175 -4.4801 -3.4040 -2.2215 -1.0398 -0.0213 0.6825 1.0021 0.9756 0.7148 0.3405 -0.0639 -0.4536 -0.7923 -1.0264 -1.0952 -0.9721 -0.7067 -0.4313 -0.3141 -0.4751 -0.9227 -1.5682 -2.3003 -3.0379 -3.7227 -4.2938 -4.7057 -4.9747 -5.1858 -5.4297 -5.7174 -5.9488 -5.9646 -5.6398 -4.9499 -3.9701 -2.8217 -1.6097 -0.4004 0.7541 1.7805 2.5865 3.1065 3.3506 3.4142 3.4387 3.5467
-17.8608 -17.6583 -17.2998 -16.8469 -16.3378 -15.7729 -15.1360 -14.4233 -13.6443 -12.7963 -11.8582 -10.8249 -9.7420 -8.6966 -7.7663 -6.9697 -6.2561 -5.5337 -4.7094 -3.7155 -2.5277 -1.1887 0.1802 1.4073 2.3357 2.8891 3.0942 3.0477 2.8548 2.5887 2.2991 2.0450 1.9076 1.9600 2.2168 2.5992 2.9394 3.0342 2.7348 2.0240 1.0185 -0.0993 -1.1558 -2.0138 -2.5807 -2.8392 -2.8849 -2.9039 -3.0731 -3.4375 -3.8612 -4.0935 -3.9036 -3.1900 -2.0019 -0.4847 1.1930 2.8791 4.4401 5.7537 6.7209 7.2954 7.5071 7.4620 7.3045 7.1564
-18.3195 -18.1541 -17.8404 -17.4079 -16.8836 -16.2750 -15.5735 -14.7738 -13.8794 -12.8858 -11.7775 -10.5610 -9.3003 -8.1032 -7.0615 -6.1964 -5.4486 -4.7107 -3.8695 -2.8398 -1.5901 -0.1660 1.3074 2.6623 3.7529 4.5118 4.9634 5.1860 5.2558 5.2209 5.1239 5.0386 5.0675 5.2908 5.7099 6.2228 6.6371 6.7214 6.2941 5.3167 3.9272 2.3843 0.9691 -0.0934 -0.6842 -0.8276 -0.6996 -0.5685 -0.6674 -1.0631 -1.6025 -1.9830 -1.9017 -1.1890 0.1495 1.9742 4.0794 6.2442 8.2616 9.9611 11.2282 12.0145 12.3386 12.2827 11.9739 11.5364
-18.8791 -18.7107 -18.3801 -17.9099 -17.3335 -16.6714 -15.9185 -15.0574 -14.0745 -12.9581 -11.6995 -10.3210 -8.9033 -7.5649 -6.4012 -5.4332 -4.6046 -3.8133 -2.9458 -1.9086 -0.6594 0.7661 2.2553 3.6600 4.8581 5.7993 6.5075 7.0410 7.4451 7.7382 7.9455 8.1376 8.4190 8.8670 9.4738 10.1275 10.6247 10.7118 10.1702 8.9322 7.1495 5.1560 3.3446 2.0315 1.3614 1.2685 1.5076 1.7557 1.7514 1.4141 0.8876 0.4795 0.5214 1.2324 2.6570 4.6836 7.0983 9.6420 12.0649 14.1703 15.8319 16.9803 17.5864 17.6678 17.3016 16.6053
-19.4464 -19.2533 -18.8791 -18.3566 -17.7306 -17.0278 -16.2386 -15.3314 -14.2776 -13.0616 -11.6841 -10.1819 -8.6437 -7.1862 -5.8981 -4.8006 -3.8515 -2.9707 -2.0598 -1.0240 0.1932 1.5772 3.0420 4.4694 5.7642 6.8898 7.8634 8.7227 9.4899 10.1650 10.7571 11.3184 11.9320 12.6560 13.4715 14.2654 14.8326 14.9033 14.2283 12.7165 10.5360 8.0911 5.8755 4.2876 3.4950 3.3988 3.7044 4.0593 4.1930 4.0106 3.6250 3.3140 3.4060 4.1497 5.6330 7.7757 10.3711 13.1537 15.8716 18.3359 20.4200 22.0214 23.0362 23.3847 23.0658 22.1770
-19.8788 -19.6605 -19.2509 -18.6988 -18.0540 -17.3367 -16.5263 -15.5827 -14.4746 -13.1915 -11.7442 -10.1760 -8.5712 -7.0331 -5.6392 -4.4132 -3.3325 -2.3429 -1.3646 -0.3051 0.9048 2.2740 3.7461 5.2338 6.6643 8.0035 9.2519 10.4248 11.5336 12.5810 13.5754 14.5485 15.5444 16.5795 17.6086 18.5115 19.0845 19.0560 18.1713 16.3435 13.7733 10.9289 8.3784 6.5704 5.6774 5.5711 5.9289 6.3940 6.7019 6.7444 6.5921 6.4750 6.7014 7.5360 9.0979 11.3280 14.0281 16.9450 19.8556 22.6040 25.0736 27.1265 28.5761 29.2370 29.0207 27.9978
-20.0345 -19.8036 -19.3843 -18.8390 -18.2139 -17.5130 -16.7018 -15.7375 -14.5972 -13.2837 -11.8188 -10.2458 -8.6358 -7.0730 -5.6233 -4.3132 -3.1327 -2.0422 -0.9723 0.1645 1.4396 2.8737 4.4324 6.0526 7.6755 9.2604 10.7841 12.2399 13.6397 15.0076 16.3704 17.7480 19.1370 20.4901 21.7094 22.6485 23.1068 22.8369 21.6233 19.4290 16.5122 13.3957 10.6815 8.8156 7.9361 7.8771 8.3054 8.8857 9.3797 9.6763 9.8038 9.9369 10.3542 11.3285 13.0029 15.3322 18.1223 21.1354 24.1823 27.1428 29.9112 32.3203 34.1172 35.0309 34.8994 33.7705
